- Train set:
	F1: 0.9997845895103856
	Accuracy: 0.9997847147470398
- Glaucoma test set:
	F1: 0.8607521312802178
	Accuracy: 0.8610248447204969
- Neoplasm test set:
	F1: 0.8347510099677216
	Accuracy: 0.8348348348348348
- Mixed test set:
	F1: 0.8460248018157297
	Accuracy: 0.8460264900662252