- Train set:
	F1: 0.9992308085066453
	Accuracy: 0.9993541442411195
- Glaucoma test set:
	F1: 0.731208145908966
	Accuracy: 0.764751552795031
- Neoplasm test set:
	F1: 0.7878662886196062
	Accuracy: 0.8205705705705706
- Mixed test set:
	F1: 0.7414842889520707
	Accuracy: 0.7855960264900662