eval_f1_macro = 0.8606816523187805
eval_f1_micro = 0.9111822254731645
f1_claim = 0.7629815745393635
f1_evidence = 0.9282113186110914
