eval_f1_macro = 0.8629731064888816
eval_f1_micro = 0.912225849464343
f1_claim = 0.7914584279872785
f1_evidence = 0.9226255741591347
