- Train set:
	F1: 0.9995138157955334
	Accuracy: 0.9995694294940797
- Glaucoma test set:
	F1: 0.8249451874774077
	Accuracy: 0.8440651667959659
- Neoplasm test set:
	F1: 0.828564073962847
	Accuracy: 0.8490990990990991
- Mixed test set:
	F1: 0.8287712373770004
	Accuracy: 0.8501655629139073