eval_f1_macro = 0.8831347010262226
eval_f1_micro = 0.9207860368607348
f1_claim = 0.8387590124535723
f1_evidence = 0.9190790046746611
