eval_f1_macro = 0.8596287177097345
eval_f1_micro = 0.9114114856182662
f1_claim = 0.7935043720572691
f1_evidence = 0.9179482341101363
