eval_f1_macro = 0.8582091365424671
eval_f1_micro = 0.9116538556905529
f1_claim = 0.7884547069271759
f1_evidence = 0.918850380388842
