- Train set:
	F1: 0.9995935971377502
	Accuracy: 0.9997851310700473
- Glaucoma test set:
	F1: 0.763537600192457
	Accuracy: 0.8962044926413633
- Neoplasm test set:
	F1: 0.7571175278622087
	Accuracy: 0.8714499252615845
- Mixed test set:
	F1: 0.756428775527134
	Accuracy: 0.8734491315136477